K	46	23.83	48.63
A	41	14.93	37.50
A	30	17.22	36.77
B	36	42.70	36.77
H	33	39.83	13.66
S	49	24.03	44.04
F	29	15.89	35.97
G	18	26.61	28.19
W	49	21.68	21.09
T	16	39.37	48.91
J	59	19.23	44.63
K	22	16.43	23.61
G	21	46.68	35.00
S	48	15.92	33.43
E	23	49.02	21.02
J	58	39.32	21.21
K	33	32.21	32.20
F	50	11.36	15.55
W	39	43.45	27.53
S	48	20.36	41.01
D	53	17.82	31.16
J	43	20.35	31.81
W	16	28.41	44.87
A	12	16.04	34.49
G	47	46.26	22.49
S	28	23.51	36.30
G	13	22.35	31.01
K	36	49.52	32.12
G	32	30.10	21.06
W	41	22.32	34.74
F	26	11.42	38.47
